32
Homo_sapiens                    0.0000000 0.0045921 0.0045921 0.0138563 0.0138247 0.0138247 0.0230057 0.0184098 0.0184098 0.0137891 0.0137891 0.0137891 0.0183806 0.0184190 0.0137891 0.0137846 0.0137846 0.0183987 0.0276185 0.0139885 0.0323185 0.0323185 0.0231401 0.0184804 0.0277289 0.0950234 0.1107578 0.0416225 0.0511501 0.0557968 0.0889597 0.2006081 
Pan_troglodytes                 0.0045921 0.0000000 0.0000010 0.0092194 0.0091984 0.0091984 0.0183692 0.0137805 0.0137805 0.0091749 0.0091749 0.0091749 0.0137590 0.0137876 0.0091749 0.0091719 0.0091719 0.0137724 0.0229716 0.0093082 0.0276488 0.0276488 0.0184759 0.0138333 0.0230630 0.0901059 0.1057888 0.0369276 0.0464127 0.0510524 0.0841299 0.1952657 
Pan_paniscus                    0.0045921 0.0000010 0.0000000 0.0092194 0.0091984 0.0091984 0.0183692 0.0137805 0.0137805 0.0091749 0.0091749 0.0091749 0.0137590 0.0137876 0.0091749 0.0091719 0.0091719 0.0137724 0.0229716 0.0093082 0.0276488 0.0276488 0.0184759 0.0138333 0.0230630 0.0901059 0.1057888 0.0369276 0.0464127 0.0510524 0.0841299 0.1952657 
Gorilla_gorilla_gorilla         0.0138563 0.0092194 0.0092194 0.0000000 0.0185031 0.0185031 0.0277103 0.0230992 0.0230992 0.0184551 0.0184551 0.0184551 0.0230621 0.0231106 0.0184551 0.0184490 0.0184490 0.0230849 0.0323416 0.0138268 0.0370740 0.0370740 0.0278737 0.0231661 0.0324718 0.1001374 0.1110762 0.0464181 0.0560065 0.0606677 0.0892095 0.2012179 
Pongo_abelii                    0.0138247 0.0091984 0.0091984 0.0185031 0.0000000 0.0000010 0.0184382 0.0138320 0.0138320 0.0092089 0.0092089 0.0092001 0.0137971 0.0138391 0.0092001 0.0092059 0.0092059 0.0138238 0.0230584 0.0093432 0.0277542 0.0277542 0.0278095 0.0138851 0.0231284 0.0904865 0.1062462 0.0370702 0.0465490 0.0512539 0.0937511 0.2056087 
Pongo_pygmaeus                  0.0138247 0.0091984 0.0091984 0.0185031 0.0000010 0.0000000 0.0184382 0.0138320 0.0138320 0.0092089 0.0092089 0.0092001 0.0137971 0.0138391 0.0092001 0.0092059 0.0092059 0.0138238 0.0230584 0.0093432 0.0277542 0.0277542 0.0278095 0.0138851 0.0231284 0.0904865 0.1062462 0.0370702 0.0465490 0.0512539 0.0937511 0.2056087 
Nomascus_leucogenys             0.0230057 0.0183692 0.0183692 0.0277103 0.0184382 0.0184382 0.0000000 0.0045810 0.0045810 0.0183905 0.0183905 0.0183905 0.0229814 0.0230296 0.0183905 0.0183845 0.0183845 0.0230041 0.0322281 0.0186548 0.0369425 0.0369425 0.0370164 0.0189945 0.0323574 0.0903498 0.1060804 0.0462540 0.0558071 0.0604517 0.0936112 0.2055241 
Symphalangus_syndactylus        0.0184098 0.0137805 0.0137805 0.0230992 0.0138320 0.0138320 0.0045810 0.0000000 0.0000010 0.0137964 0.0137964 0.0137964 0.0183905 0.0184289 0.0137964 0.0137919 0.0137919 0.0184086 0.0276337 0.0139961 0.0323366 0.0323366 0.0324011 0.0142580 0.0277443 0.0856497 0.1013722 0.0416465 0.0511806 0.0558304 0.0889976 0.2007934 
Hylobates_moloch                0.0184098 0.0137805 0.0137805 0.0230992 0.0138320 0.0138320 0.0045810 0.0000010 0.0000000 0.0137964 0.0137964 0.0137964 0.0183905 0.0184289 0.0137964 0.0137919 0.0137919 0.0184086 0.0276337 0.0139961 0.0323366 0.0323366 0.0324011 0.0142580 0.0277443 0.0856497 0.1013722 0.0416465 0.0511806 0.0558304 0.0889976 0.2007934 
Macaca_mulatta                  0.0137891 0.0091749 0.0091749 0.0184551 0.0092089 0.0092089 0.0183905 0.0137964 0.0137964 0.0000000 0.0000010 0.0000010 0.0045819 0.0045913 0.0000010 0.0091824 0.0091824 0.0137882 0.0229984 0.0093190 0.0276814 0.0276814 0.0277363 0.0138493 0.0230900 0.0902239 0.0990411 0.0276751 0.0371034 0.0417434 0.0840171 0.1883074 
Macaca_fascicularis             0.0137891 0.0091749 0.0091749 0.0184551 0.0092089 0.0092089 0.0183905 0.0137964 0.0137964 0.0000010 0.0000000 0.0000010 0.0045819 0.0045913 0.0000010 0.0091824 0.0091824 0.0137882 0.0229984 0.0093190 0.0276814 0.0276814 0.0277363 0.0138493 0.0230900 0.0902239 0.0990411 0.0276751 0.0371034 0.0417434 0.0840171 0.1883074 
Macaca_thibetana_thibetana      0.0137891 0.0091749 0.0091749 0.0184551 0.0092001 0.0092001 0.0183905 0.0137964 0.0137964 0.0000010 0.0000010 0.0000000 0.0045775 0.0045913 0.0000010 0.0091824 0.0091824 0.0137882 0.0229984 0.0093190 0.0276814 0.0276814 0.0277363 0.0138493 0.0230680 0.0902239 0.0990411 0.0276751 0.0370680 0.0417434 0.0840171 0.1974473 
Macaca_nemestrina               0.0183806 0.0137590 0.0137590 0.0230621 0.0137971 0.0137971 0.0229814 0.0183905 0.0183905 0.0045819 0.0045819 0.0045775 0.0000000 0.0091808 0.0045775 0.0137703 0.0137703 0.0183794 0.0275891 0.0139738 0.0322838 0.0322838 0.0323480 0.0184610 0.0276729 0.0949072 0.1036758 0.0322762 0.0416852 0.0463626 0.0886202 0.2021969 
Papio_anubis                    0.0184190 0.0137876 0.0137876 0.0231106 0.0138391 0.0138391 0.0230296 0.0184289 0.0184289 0.0045913 0.0045913 0.0045913 0.0091808 0.0000000 0.0045913 0.0137990 0.0137990 0.0184178 0.0276471 0.0140033 0.0323520 0.0323520 0.0324165 0.0184998 0.0277578 0.0951200 0.1039072 0.0323444 0.0418141 0.0464617 0.0888145 0.1934892 
Cercocebus_atys                 0.0137891 0.0091749 0.0091749 0.0184551 0.0092001 0.0092001 0.0183905 0.0137964 0.0137964 0.0000010 0.0000010 0.0000010 0.0045775 0.0045913 0.0000000 0.0091824 0.0091824 0.0137882 0.0229984 0.0093190 0.0276814 0.0276814 0.0277363 0.0138493 0.0230680 0.0902239 0.0990411 0.0276751 0.0370680 0.0417434 0.0840171 0.1974473 
Rhinopithecus_bieti             0.0137846 0.0091719 0.0091719 0.0184490 0.0092059 0.0092059 0.0183845 0.0137919 0.0137919 0.0091824 0.0091824 0.0091824 0.0137703 0.0137990 0.0091824 0.0000000 0.0000010 0.0045869 0.0229908 0.0093160 0.0276721 0.0276721 0.0277270 0.0138447 0.0230824 0.0901899 0.1058897 0.0369591 0.0464529 0.0510969 0.0934481 0.1854256 
Rhinopithecus_roxellana         0.0137846 0.0091719 0.0091719 0.0184490 0.0092059 0.0092059 0.0183845 0.0137919 0.0137919 0.0091824 0.0091824 0.0091824 0.0137703 0.0137990 0.0091824 0.0000010 0.0000000 0.0045869 0.0229908 0.0093160 0.0276721 0.0276721 0.0277270 0.0138447 0.0230824 0.0901899 0.1058897 0.0369591 0.0464529 0.0510969 0.0934481 0.1854256 
Trachypithecus_francoisi        0.0183987 0.0137724 0.0137724 0.0230849 0.0138238 0.0138238 0.0230041 0.0184086 0.0184086 0.0137882 0.0137882 0.0137882 0.0183794 0.0184178 0.0137882 0.0045869 0.0045869 0.0000000 0.0276165 0.0139876 0.0323161 0.0323161 0.0230826 0.0184792 0.0277269 0.0950123 0.1107436 0.0416191 0.0511457 0.0557918 0.0981861 0.1905200 
Piliocolobus_tephrosceles       0.0276185 0.0229716 0.0229716 0.0323416 0.0230584 0.0230584 0.0322281 0.0276337 0.0276337 0.0229984 0.0229984 0.0229984 0.0275891 0.0276471 0.0229984 0.0229908 0.0229908 0.0276165 0.0000000 0.0233269 0.0415762 0.0415762 0.0416596 0.0277401 0.0369940 0.1045332 0.1187599 0.0508949 0.0604746 0.0651173 0.1058403 0.1991557 
Colobus_angolensis_palliatus    0.0139885 0.0093082 0.0093082 0.0138268 0.0093432 0.0093432 0.0186548 0.0139961 0.0139961 0.0093190 0.0093190 0.0093190 0.0139738 0.0140033 0.0093190 0.0093160 0.0093160 0.0139876 0.0233269 0.0000000 0.0280754 0.0280754 0.0281319 0.0092228 0.0234211 0.0914505 0.1012123 0.0374923 0.0471179 0.0518250 0.0888614 0.1907721 
Cebus_imitator                  0.0323185 0.0276488 0.0276488 0.0370740 0.0277542 0.0277542 0.0369425 0.0323366 0.0323366 0.0276814 0.0276814 0.0276814 0.0322838 0.0323520 0.0276814 0.0276721 0.0276721 0.0323161 0.0415762 0.0280754 0.0000000 0.0000010 0.0369840 0.0230870 0.0323293 0.1096095 0.1254348 0.0556863 0.0653204 0.0699741 0.1125235 0.2164405 
Sapajus_apella                  0.0323185 0.0276488 0.0276488 0.0370740 0.0277542 0.0277542 0.0369425 0.0323366 0.0323366 0.0276814 0.0276814 0.0276814 0.0322838 0.0323520 0.0276814 0.0276721 0.0276721 0.0323161 0.0415762 0.0280754 0.0000010 0.0000000 0.0369840 0.0230870 0.0323293 0.1096095 0.1254348 0.0556863 0.0653204 0.0699741 0.1125235 0.2164405 
Saimiri_boliviensis_boliviensis 0.0231401 0.0184759 0.0184759 0.0278737 0.0278095 0.0278095 0.0370164 0.0324011 0.0324011 0.0277363 0.0277363 0.0277363 0.0323480 0.0324165 0.0277363 0.0277270 0.0277270 0.0230826 0.0416596 0.0281319 0.0369840 0.0369840 0.0000000 0.0231327 0.0230455 0.1098461 0.1257090 0.0557995 0.0558842 0.0701184 0.1035164 0.2165944 
Callithrix_jacchus              0.0184804 0.0138333 0.0138333 0.0231661 0.0138851 0.0138851 0.0189945 0.0142580 0.0142580 0.0138493 0.0138493 0.0138493 0.0184610 0.0184998 0.0138493 0.0138447 0.0138447 0.0184792 0.0277401 0.0092228 0.0230870 0.0230870 0.0231327 0.0000000 0.0184870 0.0926960 0.1037957 0.0418085 0.0513814 0.0560497 0.0911416 0.1965560 
Aotus_nancymaae                 0.0277289 0.0230630 0.0230630 0.0324718 0.0231284 0.0231284 0.0323574 0.0277443 0.0277443 0.0230900 0.0230900 0.0230680 0.0276729 0.0277578 0.0230680 0.0230824 0.0230824 0.0277269 0.0369940 0.0234211 0.0323293 0.0323293 0.0230455 0.0184870 0.0000000 0.1049831 0.1208201 0.0511021 0.0511298 0.0653859 0.1079879 0.2209838 
Carlito_syrichta                0.0950234 0.0901059 0.0901059 0.1001374 0.0904865 0.0904865 0.0903498 0.0856497 0.0856497 0.0902239 0.0902239 0.0902239 0.0949072 0.0951200 0.0902239 0.0901899 0.0901899 0.0950123 0.1045332 0.0914505 0.1096095 0.1096095 0.1098461 0.0926960 0.1049831 0.0000000 0.1578917 0.1099089 0.1053621 0.1202791 0.1439672 0.2482523 
Nycticebus_coucang              0.1107578 0.1057888 0.1057888 0.1110762 0.1062462 0.1062462 0.1060804 0.1013722 0.1013722 0.0990411 0.0990411 0.0990411 0.1036758 0.1039072 0.0990411 0.1058897 0.1058897 0.1107436 0.1187599 0.1012123 0.1254348 0.1254348 0.1257090 0.1037957 0.1208201 0.1578917 0.0000000 0.0993610 0.1000266 0.0948763 0.0805304 0.2260781 
Propithecus_coquereli           0.0416225 0.0369276 0.0369276 0.0464181 0.0370702 0.0370702 0.0462540 0.0416465 0.0416465 0.0276751 0.0276751 0.0276751 0.0322762 0.0323444 0.0276751 0.0369591 0.0369591 0.0416191 0.0508949 0.0374923 0.0556863 0.0556863 0.0557995 0.0418085 0.0511021 0.1099089 0.0993610 0.0000000 0.0277463 0.0323743 0.0842806 0.1992356 
Microcebus_murinus              0.0511501 0.0464127 0.0464127 0.0560065 0.0465490 0.0465490 0.0558071 0.0511806 0.0511806 0.0371034 0.0371034 0.0370680 0.0416852 0.0418141 0.0370680 0.0464529 0.0464529 0.0511457 0.0604746 0.0471179 0.0653204 0.0653204 0.0558842 0.0513814 0.0511298 0.1053621 0.1000266 0.0277463 0.0000000 0.0231397 0.0848287 0.2243643 
Lemur_catta                     0.0557968 0.0510524 0.0510524 0.0606677 0.0512539 0.0512539 0.0604517 0.0558304 0.0558304 0.0417434 0.0417434 0.0417434 0.0463626 0.0464617 0.0417434 0.0510969 0.0510969 0.0557918 0.0651173 0.0518250 0.0699741 0.0699741 0.0701184 0.0560497 0.0653859 0.1202791 0.0948763 0.0323743 0.0231397 0.0000000 0.0895128 0.2195437 
Otolemur_garnettii              0.0889597 0.0841299 0.0841299 0.0892095 0.0937511 0.0937511 0.0936112 0.0889976 0.0889976 0.0840171 0.0840171 0.0840171 0.0886202 0.0888145 0.0840171 0.0934481 0.0934481 0.0981861 0.1058403 0.0888614 0.1125235 0.1125235 0.1035164 0.0911416 0.1079879 0.1439672 0.0805304 0.0842806 0.0848287 0.0895128 0.0000000 0.2384090 
Mus_musculus                    0.2006081 0.1952657 0.1952657 0.2012179 0.2056087 0.2056087 0.2055241 0.2007934 0.2007934 0.1883074 0.1883074 0.1974473 0.2021969 0.1934892 0.1974473 0.1854256 0.1854256 0.1905200 0.1991557 0.1907721 0.2164405 0.2164405 0.2165944 0.1965560 0.2209838 0.2482523 0.2260781 0.1992356 0.2243643 0.2195437 0.2384090 0.0000000 
