34
Homo_sapiens                    0.00000000 0.00795176 0.00798183 0.01089288 0.02019179 0.01999644 0.02406225 0.02460489 0.02446934 0.03683048 0.03652824 0.03680381 0.03759442 0.03658714 0.03717118 0.03813647 0.03757522 0.04365418 0.03817838 0.03857193 0.03870529 0.03875707 0.05937450 0.05941624 0.06410638 0.06311906 0.05841929 0.13834248 0.16400525 0.12910090 0.12734741 0.12163399 0.16873496 0.33284324 
Pan_troglodytes                 0.00795176 0.00000000 0.00197438 0.01061494 0.01985653 0.01962011 0.02377943 0.02434899 0.02412710 0.03612214 0.03618587 0.03611373 0.03719336 0.03616224 0.03636806 0.03782323 0.03721107 0.04302877 0.03781676 0.03818797 0.03834452 0.03838805 0.05947290 0.05963961 0.06366750 0.06345087 0.05811036 0.13768395 0.16369394 0.12880943 0.12838777 0.12136101 0.16850290 0.33795479 
Pan_paniscus                    0.00798183 0.00197438 0.00000000 0.01063165 0.01977315 0.01955555 0.02369583 0.02431108 0.02406988 0.03610744 0.03622479 0.03613301 0.03721803 0.03612845 0.03633504 0.03781351 0.03718590 0.04298944 0.03771363 0.03815869 0.03828258 0.03835322 0.05957873 0.05975738 0.06372382 0.06362216 0.05818190 0.13777766 0.16346325 0.12873434 0.12845513 0.12122300 0.16816653 0.33727006 
Gorilla_gorilla_gorilla         0.01089288 0.01061494 0.01063165 0.00000000 0.02078083 0.02059763 0.02485084 0.02554479 0.02528885 0.03718241 0.03727557 0.03716916 0.03821298 0.03726770 0.03752814 0.03894764 0.03843760 0.04420963 0.03882041 0.03926102 0.03924196 0.03943389 0.06054175 0.06074905 0.06436031 0.06453073 0.05905311 0.13882079 0.16476748 0.12969879 0.12958992 0.12201935 0.16923575 0.33715237 
Pongo_abelii                    0.02019179 0.01985653 0.01977315 0.02078083 0.00000000 0.00158107 0.02475379 0.02562550 0.02537110 0.03689380 0.03698516 0.03690311 0.03803617 0.03701466 0.03731265 0.03871113 0.03788683 0.04402880 0.03885652 0.03905116 0.03928840 0.03911748 0.06004395 0.06033833 0.06422596 0.06430285 0.05862550 0.13866007 0.16441479 0.12929966 0.12903278 0.12153894 0.16888832 0.33765942 
Pongo_pygmaeus                  0.01999644 0.01962011 0.01955555 0.02059763 0.00158107 0.00000000 0.02457029 0.02539955 0.02515769 0.03679072 0.03682143 0.03676563 0.03792793 0.03692973 0.03721144 0.03863790 0.03778496 0.04385413 0.03876167 0.03898105 0.03921652 0.03900068 0.05981996 0.06006314 0.06403255 0.06396176 0.05842354 0.13823975 0.16404666 0.12913948 0.12868888 0.12144203 0.16871559 0.33798341 
Nomascus_leucogenys             0.02406225 0.02377943 0.02369583 0.02485084 0.02475379 0.02457029 0.00000000 0.00966790 0.00984642 0.03873660 0.03841390 0.03867907 0.03937480 0.03840564 0.03895275 0.03998766 0.03951086 0.04542499 0.03975292 0.04021812 0.04047322 0.04053139 0.06114038 0.06117505 0.06603835 0.06530534 0.06011751 0.14064125 0.16661927 0.13162414 0.12962584 0.12389818 0.17135658 0.33358986 
Symphalangus_syndactylus        0.02460489 0.02434899 0.02431108 0.02554479 0.02562550 0.02539955 0.00966790 0.00000000 0.00966572 0.03954359 0.03903985 0.03946844 0.04028596 0.03915795 0.03980414 0.04086741 0.04034093 0.04604962 0.04080387 0.04121617 0.04145116 0.04139779 0.06261653 0.06260400 0.06767767 0.06650141 0.06149721 0.14103860 0.16936071 0.13109392 0.13178817 0.12628508 0.17436811 0.34013146 
Hylobates_moloch                0.02446934 0.02412710 0.02406988 0.02528885 0.02537110 0.02515769 0.00984642 0.00966572 0.00000000 0.03920744 0.03879690 0.03916623 0.03995738 0.03891453 0.03950204 0.04049897 0.04009770 0.04601783 0.04024438 0.04072497 0.04097809 0.04113243 0.06164331 0.06166209 0.06663169 0.06560154 0.06070479 0.14036480 0.16714136 0.13205304 0.12998672 0.12427223 0.17211311 0.33529861 
Macaca_mulatta                  0.03683048 0.03612214 0.03610744 0.03718241 0.03689380 0.03679072 0.03873660 0.03954359 0.03920744 0.00000000 0.00247709 0.00362010 0.00415449 0.00739267 0.00755592 0.00921828 0.01137254 0.02219854 0.01830898 0.01879795 0.01896961 0.01904132 0.06358358 0.06406176 0.06783581 0.06767156 0.06257959 0.14241705 0.16801957 0.13304616 0.13261588 0.12496664 0.17242226 0.34193503 
Macaca_fascicularis             0.03652824 0.03618587 0.03622479 0.03727557 0.03698516 0.03682143 0.03841390 0.03903985 0.03879690 0.00247709 0.00000000 0.00365051 0.00424335 0.00744047 0.00766220 0.00923622 0.01129819 0.02227203 0.01819812 0.01865881 0.01880570 0.01897151 0.06285622 0.06325748 0.06800341 0.06670759 0.06255353 0.14230336 0.16832060 0.13348414 0.13105193 0.12538666 0.17306416 0.33750760 
Macaca_thibetana_thibetana      0.03680381 0.03611373 0.03613301 0.03716916 0.03690311 0.03676563 0.03867907 0.03946844 0.03916623 0.00362010 0.00365051 0.00000000 0.00471500 0.00742536 0.00758756 0.00916387 0.01150395 0.02204895 0.01829444 0.01889460 0.01903987 0.01909804 0.06331421 0.06384822 0.06761871 0.06751702 0.06240491 0.14208351 0.16756535 0.13277986 0.13241566 0.12478095 0.17201808 0.34179769 
Macaca_nemestrina               0.03759442 0.03719336 0.03721803 0.03821298 0.03803617 0.03792793 0.03937480 0.04028596 0.03995738 0.00415449 0.00424335 0.00471500 0.00000000 0.00830556 0.00858657 0.01015265 0.01235007 0.02240724 0.01910910 0.01957627 0.01977241 0.01986817 0.06386836 0.06429039 0.06893379 0.06790795 0.06348201 0.14375983 0.16929329 0.13347080 0.13229673 0.12620283 0.17367802 0.33860601 
Papio_anubis                    0.03658714 0.03616224 0.03612845 0.03726770 0.03701466 0.03692973 0.03840564 0.03915795 0.03891453 0.00739267 0.00744047 0.00742536 0.00830556 0.00000000 0.00338340 0.00783815 0.01158083 0.02228207 0.01860275 0.01905025 0.01903745 0.01934338 0.06300101 0.06333343 0.06781917 0.06685945 0.06235982 0.14236471 0.16829003 0.13337738 0.13166980 0.12537912 0.17299248 0.33693613 
Theropithecus_gelada            0.03717118 0.03636806 0.03633504 0.03752814 0.03731265 0.03721144 0.03895275 0.03980414 0.03950204 0.00755592 0.00766220 0.00758756 0.00858657 0.00338340 0.00000000 0.00814192 0.01190286 0.02255182 0.01891413 0.01931949 0.01946379 0.01960492 0.06389473 0.06437467 0.06812915 0.06817703 0.06285128 0.14281556 0.16861070 0.13368514 0.13334351 0.12565341 0.17304470 0.34286426 
Cercocebus_atys                 0.03813647 0.03782323 0.03781351 0.03894764 0.03871113 0.03863790 0.03998766 0.04086741 0.04049897 0.00921828 0.00923622 0.00916387 0.01015265 0.00783815 0.00814192 0.00000000 0.01315998 0.02426948 0.02005900 0.02056760 0.02062723 0.02090646 0.06448279 0.06491676 0.06924561 0.06861657 0.06411774 0.14404600 0.16946199 0.13501940 0.13308283 0.12672446 0.17378898 0.33824635 
Chlorocebus_sabaeus             0.03757522 0.03721107 0.03718590 0.03843760 0.03788683 0.03778496 0.03951086 0.04034093 0.04009770 0.01137254 0.01129819 0.01150395 0.01235007 0.01158083 0.01190286 0.01315998 0.00000000 0.02338460 0.01952058 0.02010045 0.02018741 0.02027432 0.06381707 0.06422800 0.06874698 0.06767378 0.06319224 0.14266424 0.16673050 0.13416597 0.13204277 0.12604200 0.17132801 0.33548187 
Rhinopithecus_bieti             0.04365418 0.04302877 0.04298944 0.04420963 0.04402880 0.04385413 0.04542499 0.04604962 0.04601783 0.02219854 0.02227203 0.02204895 0.02240724 0.02228207 0.02255182 0.02426948 0.02338460 0.00000000 0.00484989 0.01310141 0.01708343 0.01707208 0.07212723 0.07386269 0.07788437 0.07717535 0.07203353 0.15802812 0.18764546 0.14120818 0.14945398 0.14099150 0.19319228 0.38032198 
Rhinopithecus_roxellana         0.03817838 0.03781676 0.03771363 0.03882041 0.03885652 0.03876167 0.03975292 0.04080387 0.04024438 0.01830898 0.01819812 0.01829444 0.01910910 0.01860275 0.01891413 0.02005900 0.01952058 0.00484989 0.00000000 0.00972472 0.01325154 0.01350716 0.06461404 0.06500341 0.06976217 0.06853633 0.06402271 0.14320756 0.16909289 0.13442153 0.13259317 0.12678389 0.17393549 0.33904473 
Trachypithecus_francoisi        0.03857193 0.03818797 0.03815869 0.03926102 0.03905116 0.03898105 0.04021812 0.04121617 0.04072497 0.01879795 0.01865881 0.01889460 0.01957627 0.01905025 0.01931949 0.02056760 0.02010045 0.01310141 0.00972472 0.00000000 0.01380394 0.01408671 0.06484565 0.06519009 0.07006623 0.06880913 0.06439208 0.14382169 0.16916713 0.13477108 0.13259314 0.12676377 0.17400343 0.33947332 
Piliocolobus_tephrosceles       0.03870529 0.03834452 0.03828258 0.03924196 0.03928840 0.03921652 0.04047322 0.04145116 0.04097809 0.01896961 0.01880570 0.01903987 0.01977241 0.01903745 0.01946379 0.02062723 0.02018741 0.01708343 0.01325154 0.01380394 0.00000000 0.01096054 0.06520536 0.06563347 0.07021015 0.06917567 0.06441211 0.14394106 0.17028087 0.13555095 0.13368261 0.12743187 0.17477717 0.33974566 
Colobus_angolensis_palliatus    0.03875707 0.03838805 0.03835322 0.03943389 0.03911748 0.03900068 0.04053139 0.04139779 0.04113243 0.01904132 0.01897151 0.01909804 0.01986817 0.01934338 0.01960492 0.02090646 0.02027432 0.01707208 0.01350716 0.01408671 0.01096054 0.00000000 0.06553387 0.06588032 0.07064616 0.06945923 0.06474729 0.14408908 0.17079743 0.13347667 0.13446548 0.12818893 0.17548036 0.34162274 
Cebus_imitator                  0.05937450 0.05947290 0.05957873 0.06054175 0.06004395 0.05981996 0.06114038 0.06261653 0.06164331 0.06358358 0.06285622 0.06331421 0.06386836 0.06300101 0.06389473 0.06448279 0.06381707 0.07212723 0.06461404 0.06484565 0.06520536 0.06553387 0.00000000 0.00701717 0.03164868 0.03327134 0.02802452 0.14857250 0.17379145 0.13914219 0.13642145 0.13096979 0.17867305 0.34264416 
Sapajus_apella                  0.05941624 0.05963961 0.05975738 0.06074905 0.06033833 0.06006314 0.06117505 0.06260400 0.06166209 0.06406176 0.06325748 0.06384822 0.06429039 0.06333343 0.06437467 0.06491676 0.06422800 0.07386269 0.06500341 0.06519009 0.06563347 0.06588032 0.00701717 0.00000000 0.03182888 0.03355366 0.02822026 0.14865187 0.17455979 0.13902627 0.13643828 0.13105345 0.17902853 0.34274815 
Saimiri_boliviensis_boliviensis 0.06410638 0.06366750 0.06372382 0.06436031 0.06422596 0.06403255 0.06603835 0.06767767 0.06663169 0.06783581 0.06800341 0.06761871 0.06893379 0.06781917 0.06812915 0.06924561 0.06874698 0.07788437 0.06976217 0.07006623 0.07021015 0.07064616 0.03164868 0.03182888 0.00000000 0.03805326 0.03246319 0.15188797 0.17750695 0.14258353 0.14139043 0.13464608 0.18181898 0.35047100 
Callithrix_jacchus              0.06311906 0.06345087 0.06362216 0.06453073 0.06430285 0.06396176 0.06530534 0.06650141 0.06560154 0.06767156 0.06670759 0.06751702 0.06790795 0.06685945 0.06817703 0.06861657 0.06767378 0.07717535 0.06853633 0.06880913 0.06917567 0.06945923 0.03327134 0.03355366 0.03805326 0.00000000 0.03208101 0.15198238 0.17819964 0.14346185 0.14057666 0.13557281 0.18273457 0.34554059 
Aotus_nancymaae                 0.05841929 0.05811036 0.05818190 0.05905311 0.05862550 0.05842354 0.06011751 0.06149721 0.06070479 0.06257959 0.06255353 0.06240491 0.06348201 0.06235982 0.06285128 0.06411774 0.06319224 0.07203353 0.06402271 0.06439208 0.06441211 0.06474729 0.02802452 0.02822026 0.03246319 0.03208101 0.00000000 0.14730178 0.17297240 0.13742210 0.13613645 0.12947507 0.17706075 0.34159300 
Carlito_syrichta                0.13834248 0.13768395 0.13777766 0.13882079 0.13866007 0.13823975 0.14064125 0.14103860 0.14036480 0.14241705 0.14230336 0.14208351 0.14375983 0.14236471 0.14281556 0.14404600 0.14266424 0.15802812 0.14320756 0.14382169 0.14394106 0.14408908 0.14857250 0.14865187 0.15188797 0.15198238 0.14730178 0.00000000 0.18288816 0.14428917 0.14636138 0.13989522 0.18814084 0.35795606 
Nycticebus_coucang              0.16400525 0.16369394 0.16346325 0.16476748 0.16441479 0.16404666 0.16661927 0.16936071 0.16714136 0.16801957 0.16832060 0.16756535 0.16929329 0.16829003 0.16861070 0.16946199 0.16673050 0.18764546 0.16909289 0.16916713 0.17028087 0.17079743 0.17379145 0.17455979 0.17750695 0.17819964 0.17297240 0.18288816 0.00000000 0.12671773 0.12670604 0.11975944 0.06292763 0.37077109 
Propithecus_coquereli           0.12910090 0.12880943 0.12873434 0.12969879 0.12929966 0.12913948 0.13162414 0.13109392 0.13205304 0.13304616 0.13348414 0.13277986 0.13347080 0.13337738 0.13368514 0.13501940 0.13416597 0.14120818 0.13442153 0.13477108 0.13555095 0.13347667 0.13914219 0.13902627 0.14258353 0.14346185 0.13742210 0.14428917 0.12671773 0.00000000 0.05805103 0.05614688 0.13034358 0.34871906 
Microcebus_murinus              0.12734741 0.12838777 0.12845513 0.12958992 0.12903278 0.12868888 0.12962584 0.13178817 0.12998672 0.13261588 0.13105193 0.13241566 0.13229673 0.13166980 0.13334351 0.13308283 0.13204277 0.14945398 0.13259317 0.13259314 0.13368261 0.13446548 0.13642145 0.13643828 0.14139043 0.14057666 0.13613645 0.14636138 0.12670604 0.05805103 0.00000000 0.05248409 0.13075337 0.33499014 
Lemur_catta                     0.12163399 0.12136101 0.12122300 0.12201935 0.12153894 0.12144203 0.12389818 0.12628508 0.12427223 0.12496664 0.12538666 0.12478095 0.12620283 0.12537912 0.12565341 0.12672446 0.12604200 0.14099150 0.12678389 0.12676377 0.12743187 0.12818893 0.13096979 0.13105345 0.13464608 0.13557281 0.12947507 0.13989522 0.11975944 0.05614688 0.05248409 0.00000000 0.12315747 0.32812090 
Otolemur_garnettii              0.16873496 0.16850290 0.16816653 0.16923575 0.16888832 0.16871559 0.17135658 0.17436811 0.17211311 0.17242226 0.17306416 0.17201808 0.17367802 0.17299248 0.17304470 0.17378898 0.17132801 0.19319228 0.17393549 0.17400343 0.17477717 0.17548036 0.17867305 0.17902853 0.18181898 0.18273457 0.17706075 0.18814084 0.06292763 0.13034358 0.13075337 0.12315747 0.00000000 0.37539617 
Mus_musculus                    0.33284324 0.33795479 0.33727006 0.33715237 0.33765942 0.33798341 0.33358986 0.34013146 0.33529861 0.34193503 0.33750760 0.34179769 0.33860601 0.33693613 0.34286426 0.33824635 0.33548187 0.38032198 0.33904473 0.33947332 0.33974566 0.34162274 0.34264416 0.34274815 0.35047100 0.34554059 0.34159300 0.35795606 0.37077109 0.34871906 0.33499014 0.32812090 0.37539617 0.00000000 
