28
Homo_sapiens                    0.00000000 0.00794896 0.00798274 0.01089408 0.02019505 0.01999967 0.02406612 0.02427755 0.03683757 0.03653533 0.03681091 0.03760183 0.03659431 0.03717835 0.03814419 0.03758252 0.03818580 0.03857954 0.03871300 0.03876496 0.05938882 0.05943075 0.06412113 0.05843313 0.16407781 0.12167718 0.16880417 0.33304641 
Pan_troglodytes                 0.00794896 0.00000000 0.00197398 0.01061113 0.01985026 0.01961390 0.02377980 0.02402540 0.03611958 0.03618328 0.03611123 0.03719058 0.03615967 0.03636545 0.03782041 0.03720800 0.03781360 0.03818487 0.03834145 0.03838499 0.05946502 0.05963209 0.06365813 0.05810298 0.16367685 0.12134494 0.16848040 0.33794578 
Pan_paniscus                    0.00798274 0.00197398 0.00000000 0.01064128 0.01979237 0.01957223 0.02371889 0.02399639 0.03614442 0.03623163 0.03617009 0.03725632 0.03616545 0.03637229 0.03785269 0.03722428 0.03775224 0.03819799 0.03832204 0.03839319 0.05964526 0.05982379 0.06379464 0.05824627 0.16370752 0.12138500 0.16841104 0.33790137 
Gorilla_gorilla_gorilla         0.01089408 0.01061113 0.01064128 0.00000000 0.02082807 0.02061519 0.02490183 0.02518729 0.03727032 0.03728267 0.03725706 0.03830350 0.03735583 0.03761696 0.03904048 0.03852934 0.03889186 0.03933349 0.03933513 0.03952854 0.06066130 0.06086820 0.06452267 0.05920101 0.16501345 0.12236182 0.16972121 0.33846577 
Pongo_abelii                    0.02019505 0.01985026 0.01979237 0.02082807 0.00000000 0.00158253 0.02480459 0.02530114 0.03698123 0.03699245 0.03699058 0.03812644 0.03710240 0.03740120 0.03880359 0.03797744 0.03892826 0.03912341 0.03938194 0.03921156 0.06016289 0.06045710 0.06438840 0.05877265 0.16466186 0.12188059 0.16937370 0.33897795 
Pongo_pygmaeus                  0.01999967 0.01961390 0.01957223 0.02061519 0.00158253 0.00000000 0.02459137 0.02506359 0.03682425 0.03682867 0.03679916 0.03796257 0.03696340 0.03724544 0.03867354 0.03781962 0.03879698 0.03901669 0.03925255 0.03903690 0.05987953 0.06012275 0.06409593 0.05848110 0.16426804 0.12158769 0.16893649 0.33857084 
Nomascus_leucogenys             0.02406612 0.02377980 0.02371889 0.02490183 0.02480459 0.02459137 0.00000000 0.00946436 0.03881896 0.03842114 0.03876127 0.03945682 0.03848550 0.03903566 0.04007145 0.03959378 0.03982434 0.04029058 0.04055782 0.04061695 0.06125874 0.06129272 0.06618903 0.06025286 0.16686930 0.12421224 0.17182955 0.33473349 
Symphalangus_syndactylus        0.02427755 0.02402540 0.02399639 0.02518729 0.02530114 0.02506359 0.00946436 0.00000000 0.03905229 0.03858973 0.03898709 0.03978259 0.03870450 0.03932338 0.04039200 0.03983087 0.04034095 0.04076002 0.04092243 0.04105697 0.06180817 0.06178426 0.06679658 0.06071554 0.16695132 0.12438638 0.17173569 0.33479255 
Macaca_mulatta                  0.03683757 0.03611958 0.03614442 0.03727032 0.03698123 0.03682425 0.03881896 0.03905229 0.00000000 0.00247769 0.00362998 0.00416445 0.00740949 0.00757296 0.00924018 0.01139855 0.01834100 0.01883082 0.01901379 0.01908615 0.06371081 0.06418929 0.06802271 0.06275334 0.16827328 0.12537589 0.17292026 0.34343975 
Macaca_fascicularis             0.03653533 0.03618328 0.03623163 0.03728267 0.03699245 0.03682867 0.03842114 0.03858973 0.00247769 0.00000000 0.00365132 0.00424378 0.00744124 0.00766308 0.00923722 0.01129977 0.01820092 0.01866169 0.01880864 0.01897455 0.06287236 0.06327400 0.06802026 0.06256942 0.16839713 0.12543288 0.17313694 0.33771633 
Macaca_thibetana_thibetana      0.03681091 0.03611123 0.03617009 0.03725706 0.03699058 0.03679916 0.03876127 0.03898709 0.00362998 0.00365132 0.00000000 0.00472573 0.00744226 0.00760466 0.00918564 0.01153025 0.01832643 0.01892767 0.01908424 0.01914303 0.06344072 0.06397516 0.06780494 0.06257811 0.16781836 0.12508471 0.17251450 0.34327452 
Macaca_nemestrina               0.03760183 0.03719058 0.03725632 0.03830350 0.03812644 0.03796257 0.03945682 0.03978259 0.00416445 0.00424378 0.00472573 0.00000000 0.00832394 0.00860597 0.01017542 0.01237814 0.01914191 0.01960985 0.01981753 0.01991400 0.06399363 0.06441587 0.06911791 0.06364934 0.16954976 0.12657659 0.17418083 0.33994877 
Papio_anubis                    0.03659431 0.03615967 0.03616545 0.03735583 0.03710240 0.03696340 0.03848550 0.03870450 0.00740949 0.00744124 0.00744226 0.00832394 0.00000000 0.00339138 0.00785554 0.01160711 0.01863457 0.01908287 0.01908080 0.01938792 0.06312448 0.06345684 0.06799910 0.06252312 0.16854483 0.12574811 0.17349316 0.33826541 
Theropithecus_gelada            0.03717835 0.03636545 0.03637229 0.03761696 0.03740120 0.03724544 0.03903566 0.03932338 0.00757296 0.00766308 0.00760466 0.00860597 0.00339138 0.00000000 0.00816037 0.01193002 0.01894721 0.01935331 0.01950915 0.01965112 0.06402268 0.06450293 0.06830834 0.06301538 0.16886607 0.12601986 0.17354526 0.34424304 
Cercocebus_atys                 0.03814419 0.03782041 0.03785269 0.03904048 0.03880359 0.03867354 0.04007145 0.04039200 0.00924018 0.00923722 0.00918564 0.01017542 0.00785554 0.00816037 0.00000000 0.01319008 0.02009366 0.02060317 0.02067463 0.02095502 0.06461004 0.06504418 0.06943685 0.06429259 0.16972046 0.12711269 0.17429433 0.33962848 
Chlorocebus_sabaeus             0.03758252 0.03720800 0.03722428 0.03852934 0.03797744 0.03781962 0.03959378 0.03983087 0.01139855 0.01129977 0.01153025 0.01237814 0.01160711 0.01193002 0.01319008 0.00000000 0.01955429 0.02013515 0.02023382 0.02032140 0.06394289 0.06435394 0.06892968 0.06335800 0.16698278 0.12641365 0.17182521 0.33680628 
Rhinopithecus_roxellana         0.03818580 0.03781360 0.03775224 0.03889186 0.03892826 0.03879698 0.03982434 0.04034095 0.01834100 0.01820092 0.01832643 0.01914191 0.01863457 0.01894721 0.02009366 0.01955429 0.00000000 0.00974068 0.01327403 0.01353037 0.06474076 0.06513018 0.06990174 0.06414910 0.16934914 0.12706535 0.17435558 0.34006463 
Trachypithecus_francoisi        0.03857954 0.03818487 0.03819799 0.03933349 0.03912341 0.03901669 0.04029058 0.04076002 0.01883082 0.01866169 0.01892767 0.01960985 0.01908287 0.01935331 0.02060317 0.02013515 0.00974068 0.00000000 0.01382739 0.01411094 0.06497311 0.06531755 0.07020668 0.06451949 0.16942330 0.12704519 0.17442402 0.34049618 
Piliocolobus_tephrosceles       0.03871300 0.03834145 0.03832204 0.03933513 0.03938194 0.03925255 0.04055782 0.04092243 0.01901379 0.01880864 0.01908424 0.01981753 0.01908080 0.01950915 0.02067463 0.02023382 0.01327403 0.01382739 0.00000000 0.01098487 0.06533360 0.06576192 0.07039538 0.06457988 0.17054112 0.12780518 0.17528582 0.34107741 
Colobus_angolensis_palliatus    0.03876496 0.03838499 0.03839319 0.03952854 0.03921156 0.03903690 0.04061695 0.04105697 0.01908615 0.01897455 0.01914303 0.01991400 0.01938792 0.01965112 0.02095502 0.02032140 0.01353037 0.01411094 0.01098487 0.00000000 0.06566418 0.06601069 0.07083470 0.06491758 0.17106014 0.12856773 0.17599394 0.34297705 
Cebus_imitator                  0.05938882 0.05946502 0.05964526 0.06066130 0.06016289 0.05987953 0.06125874 0.06180817 0.06371081 0.06287236 0.06344072 0.06399363 0.06312448 0.06402268 0.06461004 0.06394289 0.06474076 0.06497311 0.06533360 0.06566418 0.00000000 0.00702878 0.03170692 0.02807555 0.17406021 0.13126663 0.17911304 0.34369334 
Sapajus_apella                  0.05943075 0.05963209 0.05982379 0.06086820 0.06045710 0.06012275 0.06129272 0.06178426 0.06418929 0.06327400 0.06397516 0.06441587 0.06345684 0.06450293 0.06504418 0.06435394 0.06513018 0.06531755 0.06576192 0.06601069 0.00702878 0.00000000 0.03188686 0.02827118 0.17482871 0.13134876 0.17946628 0.34379120 
Saimiri_boliviensis_boliviensis 0.06412113 0.06365813 0.06379464 0.06452267 0.06438840 0.06409593 0.06618903 0.06679658 0.06802271 0.06802026 0.06780494 0.06911791 0.06799910 0.06830834 0.06943685 0.06892968 0.06990174 0.07020668 0.07039538 0.07083470 0.03170692 0.03188686 0.00000000 0.03254565 0.17778061 0.13506628 0.18235399 0.35195943 
Aotus_nancymaae                 0.05843313 0.05810298 0.05824627 0.05920101 0.05877265 0.05848110 0.06025286 0.06071554 0.06275334 0.06256942 0.06257811 0.06364934 0.06252312 0.06301538 0.06429259 0.06335800 0.06414910 0.06451949 0.06457988 0.06491758 0.02807555 0.02827118 0.03254565 0.00000000 0.17323793 0.12988228 0.17757837 0.34305115 
Nycticebus_coucang              0.16407781 0.16367685 0.16370752 0.16501345 0.16466186 0.16426804 0.16686930 0.16695132 0.16827328 0.16839713 0.16781836 0.16954976 0.16854483 0.16886607 0.16972046 0.16698278 0.16934914 0.16942330 0.17054112 0.17106014 0.17406021 0.17482871 0.17778061 0.17323793 0.00000000 0.11991700 0.06299805 0.37148545 
Lemur_catta                     0.12167718 0.12134494 0.12138500 0.12236182 0.12188059 0.12158769 0.12421224 0.12438638 0.12537589 0.12543288 0.12508471 0.12657659 0.12574811 0.12601986 0.12711269 0.12641365 0.12706535 0.12704519 0.12780518 0.12856773 0.13126663 0.13134876 0.13506628 0.12988228 0.11991700 0.00000000 0.12349047 0.33371633 
Otolemur_garnettii              0.16880417 0.16848040 0.16841104 0.16972121 0.16937370 0.16893649 0.17182955 0.17173569 0.17292026 0.17313694 0.17251450 0.17418083 0.17349316 0.17354526 0.17429433 0.17182521 0.17435558 0.17442402 0.17528582 0.17599394 0.17911304 0.17946628 0.18235399 0.17757837 0.06299805 0.12349047 0.00000000 0.37681453 
Mus_musculus                    0.33304641 0.33794578 0.33790137 0.33846577 0.33897795 0.33857084 0.33473349 0.33479255 0.34343975 0.33771633 0.34327452 0.33994877 0.33826541 0.34424304 0.33962848 0.33680628 0.34006463 0.34049618 0.34107741 0.34297705 0.34369334 0.34379120 0.35195943 0.34305115 0.37148545 0.33371633 0.37681453 0.00000000 
